/home/zhendong/myexample/femo/spmps/gen0_d100/gen0_bs2/tmp0

============================================================

Summary for L-MPS:
 npts   = 11
 <H(P)> = -307.77831787
 ovlp   = 1.0
 <(P)>  = 0.280309490026 --------------------> <Psi0|P|Psi0>
 Energy = -1097.994641
 Econst = 0.0
 Etotal = -1097.994641
 bBdims = [1, 4, 16, 64, 100, 100, 100, 100, 100, 100, 100, 100, 100, 100, 100, 100, 100, 100, 100, 100, 100, 100, 100, 100, 100, 100, 100, 100, 100, 100, 100, 100, 100, 100, 100, 100, 100, 100, 100, 100, 100, 100, 100, 100, 100, 100, 100, 100, 100, 100, 100, 100, 100, 100, 100, 100, 100, 100, 100, 100, 100, 100, 100, 100, 100, 100, 100, 100, 100, 100, 100, 100, 100, 100, 100, 100, 1]
 kBdims = [1, 4, 16, 64, 100, 100, 100, 100, 100, 100, 100, 100, 100, 100, 100, 100, 100, 100, 100, 100, 100, 100, 100, 100, 100, 100, 100, 100, 100, 100, 100, 100, 100, 100, 100, 100, 100, 100, 100, 100, 100, 100, 100, 100, 100, 100, 100, 100, 100, 100, 100, 100, 100, 100, 100, 100, 100, 100, 100, 100, 100, 100, 100, 100, 100, 100, 100, 100, 100, 100, 100, 100, 100, 100, 100, 100, 1]
