 &FCI NORB=  10,NELEC=10,MS2=8,
  ORBSYM=1,1,1,1,1,1,1,1,1,1,
  ISYM=1,
 &END
 0.3495791600652841    1    1    1    1
 7.500387808740511e-05    2    1    1    1
 0.003940059446220324    2    1    2    1
 0.2327369566591208    2    2    1    1
 0.003115835688252765    2    2    2    1
 0.3788993103253829    2    2    2    2
 0.01350729564068359    3    1    1    1
 0.0007241673398399034    3    1    2    1
 0.0002651040278063096    3    1    2    2
 0.009080967286089387    3    1    3    1
 0.004126624848370637    3    2    1    1
 -0.0002424627896601376    3    2    2    1
 0.01659925158906874    3    2    2    2
 -0.002656190121646921    3    2    3    1
 0.0143907306249409    3    2    3    2
 0.2216879614794691    3    3    1    1
 -0.0005179512642115944    3    3    2    1
 0.2554012514896888    3    3    2    2
 0.003748752598076305    3    3    3    1
 0.001055715297134663    3    3    3    2
 0.2466344549082244    3    3    3    3
 0.0001070066688115443    4    1    1    1
 0.0008024426983023868    4    1    2    1
 0.01438286608951814    4    1    2    2
 -0.001961582450852083    4    1    3    1
 0.003584906228908581    4    1    3    2
 0.0002842141183715787    4    1    3    3
 0.008014457344208586    4    1    4    1
 0.00195877930304829    4    2    1    1
 0.001188230156712619    4    2    2    1
 -0.01393102778705297    4    2    2    2
 0.0007702989626364012    4    2    3    1
 -0.002010509462724101    4    2    3    2
 -0.003718095906019789    4    2    3    3
 -0.0008712164975682657    4    2    4    1
 0.005035502823708486    4    2    4    2
 0.002769909687509977    4    3    1    1
 0.0006292043472209776    4    3    2    1
 -0.004485514038504034    4    3    2    2
 -0.002644136094151765    4    3    3    1
 0.002906345528677954    4    3    3    2
 -0.01156926703085524    4    3    3    3
 0.002041759673398032    4    3    4    1
 0.001507012946337635    4    3    4    2
 0.01007481375456267    4    3    4    3
 0.2335516063150347    4    4    1    1
 0.001797884482435683    4    4    2    1
 0.2127745232024626    4    4    2    2
 -0.002382602360701237    4    4    3    1
 0.01139100732267631    4    4    3    2
 0.1786796991951852    4    4    3    3
 0.005840145619611804    4    4    4    1
 0.002086028089287865    4    4    4    2
 0.03328730320660911    4    4    4    3
 0.3708259309467687    4    4    4    4
 -0.02416983275730078    5    1    1    1
 -0.001589309021753421    5    1    2    1
 0.009790006820094649    5    1    2    2
 -0.008115697673588756    5    1    3    1
 0.006713605278245674    5    1    3    2
 -0.003907696551170637    5    1    3    3
 0.006590831687612377    5    1    4    1
 -0.001293921733115945    5    1    4    2
 0.005039283301815278    5    1    4    3
 0.008206578167562591    5    1    4    4
 0.02750040607064282    5    1    5    1
 -0.009913429577949483    5    2    1    1
 0.002202028402933625    5    2    2    1
 0.0467153200759077    5    2    2    2
 0.002390098727080011    5    2    3    1
 0.001662008491738393    5    2    3    2
 0.01624875980309453    5    2    3    3
 0.00167648139654166    5    2    4    1
 -0.004331448245065476    5    2    4    2
 -0.006205878051866862    5    2    4    3
 -0.01346309110851282    5    2    4    4
 -0.002344427204251061    5    2    5    1
 0.02326438630158537    5    2    5    2
 -0.001676357026317351    5    3    1    1
 0.002126386564835945    5    3    2    1
 0.0002728023211341257    5    3    2    2
 0.008643142812050097    5    3    3    1
 -0.007127259544702627    5    3    3    2
 0.01256573735074641    5    3    3    3
 -0.005610078400644336    5    3    4    1
 -0.0009339134637068405    5    3    4    2
 -0.009011487074921004    5    3    4    3
 -0.01835212968610745    5    3    4    4
 -0.02167058226746589    5    3    5    1
 0.01212473061835107    5    3    5    2
 0.03408935476099642    5    3    5    3
 0.001474344284741606    5    4    1    1
 -0.00023054880552062    5    4    2    1
 -0.001583633514821529    5    4    2    2
 0.0003680864813501721    5    4    3    1
 -0.001333011324712238    5    4    3    2
 -0.0004362713613389396    5    4    3    3
 -0.0005851834660981574    5    4    4    1
 -0.001117718667516717    5    4    4    2
 -0.001541789529069261    5    4    4    3
 -0.00234904565365437    5    4    4    4
 -0.002274391492669096    5    4    5    1
 0.0007460187655991017    5    4    5    2
 0.001638304868781009    5    4    5    3
 0.004681151808418062    5    4    5    4
 0.2548764694056515    5    5    1    1
 -0.003150823330209046    5    5    2    1
 0.2225834655746395    5    5    2    2
 -0.007021344185386469    5    5    3    1
 0.01093532009101711    5    5    3    2
 0.2127098414464627    5    5    3    3
 0.001306349184756361    5    5    4    1
 0.0009387005712781192    5    5    4    2
 0.005587480928721654    5    5    4    3
 0.2205860719568321    5    5    4    4
 0.006443350957896929    5    5    5    1
 -0.01282385355702288    5    5    5    2
 -0.02225882577322169    5    5    5    3
 -1.185684233590001e-05    5    5    5    4
 0.2631133985332189    5    5    5    5
 0.0110615169042779    6    1    1    1
 0.001559825827783566    6    1    2    1
 0.01449110341930741    6    1    2    2
 0.002639102067652793    6    1    3    1
 4.739480207531272e-05    6    1    3    2
 0.006287892634095285    6    1    3    3
 0.0004226425357738417    6    1    4    1
 -0.0004665679918135369    6    1    4    2
 -0.0008768596848139187    6    1    4    3
 0.002647278642159142    6    1    4    4
 -0.006272320643360063    6    1    5    1
 0.005235367054229391    6    1    5    2
 0.005684682241668126    6    1    5    3
 0.0005686032060109574    6    1    5    4
 -0.0004734452166511227    6    1    5    5
 0.005912933443298884    6    1    6    1
 0.01127251949578588    6    2    1    1
 0.000801963714122389    6    2    2    1
 0.01868251828601331    6    2    2    2
 0.0002579263949064385    6    2    3    1
 0.001564301332664483    6    2    3    2
 0.01116333323986938    6    2    3    3
 0.001814732866296813    6    2    4    1
 0.0005340776671939507    6    2    4    2
 -0.00404831902658591    6    2    4    3
 -0.02049207087203976    6    2    4    4
 0.002170943823580163    6    2    5    1
 0.00496719208293306    6    2    5    2
 -0.001733660138340482    6    2    5    3
 0.0004903687138368279    6    2    5    4
 0.008252131155041772    6    2    5    5
 0.001326234687836135    6    2    6    1
 0.01330794215772159    6    2    6    2
 0.002915272335223727    6    3    1    1
 -0.0008755681108410136    6    3    2    1
 0.007705741027266571    6    3    2    2
 -0.003196058550561538    6    3    3    1
 0.004651951511653082    6    3    3    2
 0.001004201993420291    6    3    3    3
 0.002661130173352238    6    3    4    1
 -0.0009388078958345273    6    3    4    2
 0.002215121124850071    6    3    4    3
 -0.003959376091199589    6    3    4    4
 0.008580922004237431    6    3    5    1
 -0.00188277781794417    6    3    5    2
 -0.01193383437330936    6    3    5    3
 0.0005160283966215479    6    3    5    4
 0.01130550455165635    6    3    5    5
 -0.00182688855045709    6    3    6    1
 0.004584108751556756    6    3    6    2
 0.009901456937884983    6    3    6    3
 -0.006138884539166939    6    4    1    1
 -6.730826132012036e-05    6    4    2    1
 0.01824893548744587    6    4    2    2
 3.124664501502638e-05    6    4    3    1
 -3.321611903923412e-05    6    4    3    2
 0.01093219822548216    6    4    3    3
 0.00130100918686706    6    4    4    1
 -0.004827510625735884    6    4    4    2
 -0.00660015178847896    6    4    4    3
 -0.02467836366867878    6    4    4    4
 0.001441552507614246    6    4    5    1
 0.008071450650915258    6    4    5    2
 0.003669068960038998    6    4    5    3
 0.005523703298022884    6    4    5    4
 -0.002746052006807186    6    4    5    5
 0.001703236505564013    6    4    6    1
 0.005591206313422118    6    4    6    2
 0.002904864789800656    6    4    6    3
 0.02038046492050308    6    4    6    4
 -0.02867046349953542    6    5    1    1
 0.003239791225356438    6    5    2    1
 0.004710714733240218    6    5    2    2
 0.0009097332837150961    6    5    3    1
 0.0002192908911004951    6    5    3    2
 -0.01263043863448639    6    5    3    3
 0.001614222214801897    6    5    4    1
 4.401864386220818e-05    6    5    4    2
 0.008542960591769925    6    5    4    3
 0.04707347703140222    6    5    4    4
 0.0009589842389154234    6    5    5    1
 0.006436554301865396    6    5    5    2
 0.006307698616447718    6    5    5    3
 -0.0004901078604391549    6    5    5    4
 -0.0247142358703533    6    5    5    5
 0.001870319771883244    6    5    6    1
 -0.01493134159525818    6    5    6    2
 -0.008009302729228021    6    5    6    3
 -0.005586873649206686    6    5    6    4
 0.04535602392851892    6    5    6    5
 0.2055578058728797    6    6    1    1
 0.001369088644522407    6    6    2    1
 0.2180720205288653    6    6    2    2
 -0.00400629084621125    6    6    3    1
 0.009090871975080472    6    6    3    2
 0.1887022555647871    6    6    3    3
 0.002912404875755434    6    6    4    1
 0.001495170818733196    6    6    4    2
 0.01972780821237854    6    6    4    3
 0.3015724831757449    6    6    4    4
 0.007099288018529805    6    6    5    1
 -0.006962969988800386    6    6    5    2
 -0.0122874527907166    6    6    5    3
 -0.00158519148954895    6    6    5    4
 0.2204708923896315    6    6    5    5
 0.001002579263893577    6    6    6    1
 -0.0214176873049912    6    6    6    2
 -0.004490754667492412    6    6    6    3
 -0.01556182560346128    6    6    6    4
 0.04938861919117202    6    6    6    5
 0.3080531483008964    6    6    6    6
 -0.002863660655105182    7    1    1    1
 -0.000706427198976959    7    1    2    1
 -0.03079232690231617    7    1    2    2
 0.004283275414158889    7    1    3    1
 -0.009268383308681299    7    1    3    2
 0.0001328862610536375    7    1    3    3
 -0.01189478626462597    7    1    4    1
 0.001396947226200792    7    1    4    2
 -0.008600809082985415    7    1    4    3
 -0.02909423631783202    7    1    4    4
 -0.01909027823641913    7    1    5    1
 -0.0007211151591541881    7    1    5    2
 0.01853837533507424    7    1    5    3
 0.002707077354932119    7    1    5    4
 -0.008517320868289    7    1    5    5
 -0.002297105584159061    7    1    6    1
 -0.002526394603475902    7    1    6    2
 -0.007418009870300299    7    1    6    3
 -0.0002886030435000158    7    1    6    4
 -0.00552559655267672    7    1    6    5
 -0.01642197402360303    7    1    6    6
 0.03755429141409641    7    1    7    1
 0.004223440769098342    7    2    1    1
 -0.001750999401456272    7    2    2    1
 0.006915820497711588    7    2    2    2
 2.319297641580086e-06    7    2    3    1
 -4.840782315483443e-05    7    2    3    2
 0.006086410781974234    7    2    3    3
 9.991649044745253e-05    7    2    4    1
 -0.002764721899273658    7    2    4    2
 -0.003661525862696814    7    2    4    3
 -0.01177382665736428    7    2    4    4
 -0.002035161303282436    7    2    5    1
 0.002269403393282511    7    2    5    2
 0.002469924725449783    7    2    5    3
 -8.523514161552651e-05    7    2    5    4
 0.0006342370379242618    7    2    5    5
 0.0005605558451911154    7    2    6    1
 0.0008566380757854664    7    2    6    2
 0.000399569537489736    7    2    6    3
 0.001836978576226317    7    2    6    4
 -0.007828358493311753    7    2    6    5
 -0.01195376554247942    7    2    6    6
 0.002622071875710101    7    2    7    1
 0.00641139264364286    7    2    7    2
 -0.005709480082841082    7    3    1    1
 -0.0006578511895064314    7    3    2    1
 0.003653243145134289    7    3    2    2
 -0.000564463693703592    7    3    3    1
 0.001999575455379651    7    3    3    2
 -0.0009808724949298981    7    3    3    3
 0.0004443498635672475    7    3    4    1
 -0.001124810162848011    7    3    4    2
 0.0002043398693706065    7    3    4    3
 0.005545454337147431    7    3    4    4
 0.004824565199490769    7    3    5    1
 0.001171602349200723    7    3    5    2
 -0.003972140387346619    7    3    5    3
 0.0001612443717484301    7    3    5    4
 -0.0009756603737086028    7    3    5    5
 -0.001165163153510255    7    3    6    1
 -0.0005866152018046115    7    3    6    2
 -0.001228283214025742    7    3    6    3
 0.0009592536873359826    7    3    6    4
 0.002007479808126459    7    3    6    5
 0.003865777930369459    7    3    6    6
 -0.003028317022559662    7    3    7    1
 -0.000301343915756305    7    3    7    2
 0.005280553712287693    7    3    7    3
 -0.02231906435304656    7    4    1    1
 0.0004851355641659232    7    4    2    1
 -0.03145103351825417    7    4    2    2
 -0.002508985757210902    7    4    3    1
 -0.002247646725542007    7    4    3    2
 -0.01847347144026244    7    4    3    3
 -0.004849398340241475    7    4    4    1
 0.00160423554140829    7    4    4    2
 0.008242440602100306    7    4    4    3
 0.03722009509596197    7    4    4    4
 0.001010664018032663    7    4    5    1
 -0.007737901840037401    7    4    5    2
 -0.0008326332198428203    7    4    5    3
 0.00253050915337014    7    4    5    4
 -0.007394018283065795    7    4    5    5
 -0.003283544772180852    7    4    6    1
 -0.01137425450796659    7    4    6    2
 -0.003145191960407008    7    4    6    3
 -0.004429533652110193    7    4    6    4
 0.01822966771991516    7    4    6    5
 0.02428753914144979    7    4    6    6
 0.004766398616971047    7    4    7    1
 -0.005730361583149431    7    4    7    2
 0.001669410646864227    7    4    7    3
 0.02916128167109421    7    4    7    4
 -0.01298014172906292    7    5    1    1
 0.0006303638583201325    7    5    2    1
 -0.008926371105248073    7    5    2    2
 0.0007680314025868579    7    5    3    1
 0.001129948498149454    7    5    3    2
 -0.01131418785741634    7    5    3    3
 0.0005737154070289261    7    5    4    1
 0.0004027078087522552    7    5    4    2
 0.005397744330648867    7    5    4    3
 0.02311500818554819    7    5    4    4
 0.003227108184614217    7    5    5    1
 -0.003339847137837271    7    5    5    2
 -0.00272454328955145    7    5    5    3
 -0.0001502898902334352    7    5    5    4
 -0.005223314919740507    7    5    5    5
 -0.001138492744181096    7    5    6    1
 -0.008312846321331262    7    5    6    2
 -0.002442966192691201    7    5    6    3
 -0.002985606253351518    7    5    6    4
 0.01475511587857792    7    5    6    5
 0.02348886460029821    7    5    6    6
 -0.004648030143158025    7    5    7    1
 -0.004446855268764849    7    5    7    2
 0.002338727475554978    7    5    7    3
 0.01156127492576981    7    5    7    4
 0.01277889651239435    7    5    7    5
 -0.01857594259303078    7    6    1    1
 -0.0003036221155450949    7    6    2    1
 -0.03310089853998564    7    6    2    2
 -0.005099372341307393    7    6    3    1
 0.001704402931536521    7    6    3    2
 -0.02722398801252887    7    6    3    3
 -0.0004584269656131637    7    6    4    1
 0.001774190368359217    7    6    4    2
 0.01294958667594016    7    6    4    3
 0.04997283241803198    7    6    4    4
 0.006328042181178625    7    6    5    1
 -0.01519479373780087    7    6    5    2
 -0.01126723232812007    7    6    5    3
 0.0008003473363439109    7    6    5    4
 0.0003141724734768109    7    6    5    5
 -0.005671108255228371    7    6    6    1
 -0.0164457402980249    7    6    6    2
 -0.001714634943443618    7    6    6    3
 -0.01045442557061893    7    6    6    4
 0.02794948219035632    7    6    6    5
 0.04815365410535697    7    6    6    6
 -0.005353793611441885    7    6    7    1
 -0.008632022294718815    7    6    7    2
 0.002183075013288236    7    6    7    3
 0.02579632997314098    7    6    7    4
 0.0167462683495178    7    6    7    5
 0.04544647629745475    7    6    7    6
 0.2894897054670372    7    7    1    1
 0.001757514935814926    7    7    2    1
 0.2344697347016746    7    7    2    2
 0.006618024467594293    7    7    3    1
 0.006310263544454971    7    7    3    2
 0.2112979200126703    7    7    3    3
 0.003062614281559219    7    7    4    1
 0.0004864343669260182    7    7    4    2
 0.009973391495935484    7    7    4    3
 0.2657882219089804    7    7    4    4
 -0.01225077946430557    7    7    5    1
 -0.006371230912394766    7    7    5    2
 -0.0006914116959736497    7    7    5    3
 0.0006202176565338405    7    7    5    4
 0.2371927896720998    7    7    5    5
 0.007456181197215819    7    7    6    1
 -0.0006121843466421351    7    7    6    2
 -0.0006125432815135201    7    7    6    3
 -0.003623047978064078    7    7    6    4
 0.003182631196362307    7    7    6    5
 0.2424378872285798    7    7    6    6
 -0.01026238626303339    7    7    7    1
 -0.001711816307739422    7    7    7    2
 -0.003752841231091927    7    7    7    3
 -0.004784291142842616    7    7    7    4
 0.001678332344298642    7    7    7    5
 0.00158144753658385    7    7    7    6
 0.289419281659002    7    7    7    7
 0.02218485128692763    8    1    1    1
 0.001596751418010143    8    1    2    1
 0.02630384900807095    8    1    2    2
 -0.002554954056542083    8    1    3    1
 0.008925159580303189    8    1    3    2
 -0.005302302567353922    8    1    3    3
 0.0124337873987038    8    1    4    1
 -0.001385250180104667    8    1    4    2
 0.01016767766481299    8    1    4    3
 0.03215055124161394    8    1    4    4
 0.01666381358697469    8    1    5    1
 -0.003332180750637723    8    1    5    2
 -0.02007056311556727    8    1    5    3
 -0.002684471656622939    8    1    5    4
 0.01127414284297355    8    1    5    5
 0.003378131089261693    8    1    6    1
 0.004165671435277157    8    1    6    2
 0.007735915769629657    8    1    6    3
 -0.003007038997859371    8    1    6    4
 0.00103613935191766    8    1    6    5
 0.01041769775465399    8    1    6    6
 -0.03592090832646379    8    1    7    1
 -0.002260585379433261    8    1    7    2
 0.001694955395289286    8    1    7    3
 -0.005514600448726758    8    1    7    4
 0.004024061777576774    8    1    7    5
 0.006400225659668696    8    1    7    6
 0.01520068614877149    8    1    7    7
 0.04953826274974613    8    1    8    1
 0.00725281445728005    8    2    1    1
 0.0004355377244077806    8    2    2    1
 0.007192754789854579    8    2    2    2
 0.001041098540157043    8    2    3    1
 0.0009888940038832745    8    2    3    2
 0.00237227663702647    8    2    3    3
 0.001522401208331907    8    2    4    1
 -0.002445864051115435    8    2    4    2
 -0.0004454349890533028    8    2    4    3
 -0.001142497266789026    8    2    4    4
 0.0002290664112122057    8    2    5    1
 -0.000858319057861947    8    2    5    2
 -0.001882653157095117    8    2    5    3
 -0.001182469938971517    8    2    5    4
 0.001630288903264066    8    2    5    5
 0.001173497911197879    8    2    6    1
 -0.002326408351136411    8    2    6    2
 0.0005114478720718998    8    2    6    3
 0.001226614723952112    8    2    6    4
 -0.005421141598751424    8    2    6    5
 -0.00423825228846712    8    2    6    6
 -0.003296991823321572    8    2    7    1
 0.004232120827739312    8    2    7    2
 0.000920826349727186    8    2    7    3
 -0.004088309206943154    8    2    7    4
 -2.74469935877045e-05    8    2    7    5
 -0.004102236508520303    8    2    7    6
 0.003104308984492224    8    2    7    7
 0.004783443637938376    8    2    8    1
 0.01009348311998939    8    2    8    2
 0.002968241582072238    8    3    1    1
 0.0009074740958078835    8    3    2    1
 0.0003926905683128517    8    3    2    2
 -0.002273074987525979    8    3    3    1
 0.0006805567842725618    8    3    3    2
 -0.002099618966469248    8    3    3    3
 0.001954069276803486    8    3    4    1
 6.221342404920947e-05    8    3    4    2
 -0.0002951180677406695    8    3    4    3
 0.003739774442088556    8    3    4    4
 -0.0004861787298858448    8    3    5    1
 -0.001467440392466244    8    3    5    2
 -0.003418239110021504    8    3    5    3
 -0.0002860158390115965    8    3    5    4
 0.0004853081132606909    8    3    5    5
 0.0007202517846814553    8    3    6    1
 -0.0003182238648232043    8    3    6    2
 -0.001504041358557947    8    3    6    3
 4.800979644391354e-05    8    3    6    4
 -0.0005408275960984797    8    3    6    5
 -0.0002356309985008163    8    3    6    6
 -0.00291701859979434    8    3    7    1
 0.0007603538447643228    8    3    7    2
 0.0001988453343120975    8    3    7    3
 -0.0001949368050127439    8    3    7    4
 -0.0005982885854075475    8    3    7    5
 0.0007997145209118057    8    3    7    6
 0.003480197498305611    8    3    7    7
 0.004706134963444696    8    3    8    1
 0.001346959432493889    8    3    8    2
 0.007692928553510519    8    3    8    3
 0.01854677586833347    8    4    1    1
 0.0002342081001110942    8    4    2    1
 -0.01987280367383867    8    4    2    2
 0.001588704143834516    8    4    3    1
 -7.083301009959669e-05    8    4    3    2
 -0.01067129117305058    8    4    3    3
 0.0005725532004211007    8    4    4    1
 0.002574952442706441    8    4    4    2
 0.00560767125232583    8    4    4    3
 0.01922532664091174    8    4    4    4
 -0.001318604186360022    8    4    5    1
 -0.01071123751434553    8    4    5    2
 -0.004855951113855481    8    4    5    3
 0.0008321356048194945    8    4    5    4
 0.006973059214197768    8    4    5    5
 -0.001676919411148728    8    4    6    1
 -0.001831783992696963    8    4    6    2
 0.0006852722662208034    8    4    6    3
 -0.004897003684627056    8    4    6    4
 -0.001359303083238808    8    4    6    5
 0.004517957236668249    8    4    6    6
 -0.00141342541991192    8    4    7    1
 -0.002703184511184618    8    4    7    2
 -0.0006038601162268763    8    4    7    3
 0.007349661058769961    8    4    7    4
 0.003457502153763684    8    4    7    5
 0.01113186910320357    8    4    7    6
 0.01216354522772534    8    4    7    7
 0.007304545081122668    8    4    8    1
 4.996136959144713e-05    8    4    8    2
 0.0006352043797745316    8    4    8    3
 0.01303768285119794    8    4    8    4
 0.006993391709205525    8    5    1    1
 -0.0001165551627859346    8    5    2    1
 -0.01408953143270784    8    5    2    2
 -0.001932723839242426    8    5    3    1
 -8.499949696314099e-05    8    5    3    2
 -0.0102033306695531    8    5    3    3
 -0.0007933106765912203    8    5    4    1
 0.0004822684970717799    8    5    4    2
 0.004412604467035598    8    5    4    3
 0.01729822871382    8    5    4    4
 -0.0004031990638814817    8    5    5    1
 -0.007840787248482067    8    5    5    2
 -0.00457344155738262    8    5    5    3
 -0.0002551651969287485    8    5    5    4
 0.002224418809327303    8    5    5    5
 -0.001588771179955756    8    5    6    1
 -0.005848509122485518    8    5    6    2
 -0.0006474801024526113    8    5    6    3
 -0.00504101118282879    8    5    6    4
 0.005266556482992985    8    5    6    5
 0.0102355431444386    8    5    6    6
 0.0003328966362645793    8    5    7    1
 -0.001551697670154886    8    5    7    2
 -0.001003860781279111    8    5    7    3
 0.006690170902059602    8    5    7    4
 0.002475854840300503    8    5    7    5
 0.01331107193382575    8    5    7    6
 0.007385546583793855    8    5    7    7
 0.003299686135701516    8    5    8    1
 0.001057086005151493    8    5    8    2
 0.002884678839142991    8    5    8    3
 0.006163729955117369    8    5    8    4
 0.0100313760592508    8    5    8    5
 0.01746108831736191    8    6    1    1
 -0.0003036239167227412    8    6    2    1
 -0.05340910338181207    8    6    2    2
 0.002612375818459484    8    6    3    1
 -0.003949096068335258    8    6    3    2
 -0.02251724294970069    8    6    3    3
 -0.006085783470991052    8    6    4    1
 0.005656990073957998    8    6    4    2
 0.007137251464654553    8    6    4    3
 0.02500099157779977    8    6    4    4
 -0.007905731661558757    8    6    5    1
 -0.0213091366049352    8    6    5    2
 -0.001825794335108332    8    6    5    3
 -0.0001835363293771278    8    6    5    4
 0.007826182573619615    8    6    5    5
 -0.00493201014156402    8    6    6    1
 -0.01011508766709045    8    6    6    2
 -0.004449387917402004    8    6    6    3
 -0.01420678122128231    8    6    6    4
 0.002213751656855824    8    6    6    5
 0.01688078401701331    8    6    6    6
 0.01051928370530832    8    6    7    1
 -0.004717063163204445    8    6    7    2
 -0.002079020066812601    8    6    7    3
 0.01728264471323015    8    6    7    4
 0.01026294899901632    8    6    7    5
 0.02458947601192786    8    6    7    6
 0.01596196973797675    8    6    7    7
 -0.003336435683695423    8    6    8    1
 -0.001688945166366765    8    6    8    2
 0.000339679295974624    8    6    8    3
 0.01709697924476766    8    6    8    4
 0.01068669631733128    8    6    8    5
 0.04020947194936364    8    6    8    6
 -0.04417346854452481    8    7    1    1
 0.001069306585960462    8    7    2    1
 0.0421815947575593    8    7    2    2
 -0.006848731409242674    8    7    3    1
 0.008638311620342702    8    7    3    2
 6.817895956238995e-07    8    7    3    3
 0.009449618583603575    8    7    4    1
 -0.005581487889260613    8    7    4    2
 0.005410675773496517    8    7    4    3
 0.0217000618935595    8    7    4    4
 0.02031762223137558    8    7    5    1
 0.01295597796248014    8    7    5    2
 -0.01174853870998803    8    7    5    3
 -0.001042462019912225    8    7    5    4
 -0.01191211608897422    8    7    5    5
 0.002293529258703401    8    7    6    1
 -0.002152399732206747    8    7    6    2
 0.004050324783638286    8    7    6    3
 0.00730719621780564    8    7    6    4
 0.02442910978359131    8    7    6    5
 0.02510585573018604    8    7    6    6
 -0.02699022762595184    8    7    7    1
 -0.002928848622226341    8    7    7    2
 0.006690336567646982    8    7    7    3
 0.002161030373026296    8    7    7    4
 0.00744029612602527    8    7    7    5
 0.01079782624677538    8    7    7    6
 -0.0171422868094709    8    7    7    7
 0.02151159912776727    8    7    8    1
 0.001112988568980911    8    7    8    2
 0.0007661750026604344    8    7    8    3
 -0.01125199977167463    8    7    8    4
 -0.003380370878604667    8    7    8    5
 -0.02805483112878195    8    7    8    6
 0.0552341528245763    8    7    8    7
 0.2879142958785132    8    8    1    1
 0.002677594565110233    8    8    2    1
 0.2859070096032316    8    8    2    2
 0.00949100321226568    8    8    3    1
 0.006135813775216225    8    8    3    2
 0.2420414445183129    8    8    3    3
 0.004738481727464029    8    8    4    1
 -0.004557465613086759    8    8    4    2
 -0.00307584984362314    8    8    4    3
 0.2224328576450763    8    8    4    4
 -0.01234103132182299    8    8    5    1
 0.01697435707110981    8    8    5    2
 0.01047414888388115    8    8    5    3
 0.001623043785635721    8    8    5    4
 0.232412820478945    8    8    5    5
 0.01284966299154591    8    8    6    1
 0.01102224320666693    8    8    6    2
 0.0006283397587075659    8    8    6    3
 0.009062695911539426    8    8    6    4
 -0.007480186472281755    8    8    6    5
 0.2190126437730127    8    8    6    6
 -0.004184660259475295    8    8    7    1
 0.005464290329394869    8    8    7    2
 -0.002364763717131964    8    8    7    3
 -0.02488393263826294    8    8    7    4
 -0.01015377410999055    8    8    7    5
 -0.03297848086015948    8    8    7    6
 0.2704889792843421    8    8    7    7
 0.009988729333201322    8    8    8    1
 0.005839004922749868    8    8    8    2
 2.188574322169873e-06    8    8    8    3
 -0.005322479523131113    8    8    8    4
 -0.007671910919485245    8    8    8    5
 -0.01918806639734467    8    8    8    6
 -0.00722512403716763    8    8    8    7
 0.3078609246411321    8    8    8    8
 0.006169603009508645    9    1    1    1
 -0.001774636217269732    9    1    2    1
 -0.01303118376988798    9    1    2    2
 0.007762596967326313    9    1    3    1
 -0.006517496394496372    9    1    3    2
 0.003187805720021112    9    1    3    3
 -0.00707261321955114    9    1    4    1
 0.0008787791174887389    9    1    4    2
 -0.005509546571602623    9    1    4    3
 -0.01053937042588984    9    1    4    4
 -0.01300314408416576    9    1    5    1
 0.002347624864477932    9    1    5    2
 0.0157247126085184    9    1    5    3
 0.001718171210027288    9    1    5    4
 -0.01071854554562053    9    1    5    5
 0.001379175511509046    9    1    6    1
 -0.00222069706334479    9    1    6    2
 -0.007213945599728068    9    1    6    3
 -7.890582400175571e-05    9    1    6    4
 0.0005299503723082714    9    1    6    5
 -0.008161656063058888    9    1    6    6
 0.01529780696750617    9    1    7    1
 0.000724390309330311    9    1    7    2
 -0.001112372617949085    9    1    7    3
 0.0001770346821410914    9    1    7    4
 -0.001572457206152715    9    1    7    5
 -0.004872986663682388    9    1    7    6
 0.0007667780574263112    9    1    7    7
 -0.01681133268804466    9    1    8    1
 -0.002385172160861626    9    1    8    2
 -0.002886015666740834    9    1    8    3
 -0.000478278012793508    9    1    8    4
 1.096328698303343e-05    9    1    8    5
 0.004688845350200874    9    1    8    6
 -0.01474814400310281    9    1    8    7
 0.002487263187151055    9    1    8    8
 0.01911002353319407    9    1    9    1
 -0.02726028703622549    9    2    1    1
 -0.000701424162258866    9    2    2    1
 0.008860341504448326    9    2    2    2
 -0.004152140326847099    9    2    3    1
 -0.004665203233789666    9    2    3    2
 0.001435301178893919    9    2    3    3
 0.0006446380647311374    9    2    4    1
 -0.001304070296439548    9    2    4    2
 -0.00151160311452071    9    2    4    3
 -0.0113693370523426    9    2    4    4
 0.006566695863272753    9    2    5    1
 0.00674458923519173    9    2    5    2
 -0.002906201462912642    9    2    5    3
 -3.692955882513612e-05    9    2    5    4
 -0.007106931159592567    9    2    5    5
 -0.001742155638566192    9    2    6    1
 -0.0006360936697436913    9    2    6    2
 0.0006975066609015694    9    2    6    3
 0.00395017333880469    9    2    6    4
 0.003504492327261131    9    2    6    5
 -0.001957598147574454    9    2    6    6
 -7.053138608120735e-05    9    2    7    1
 0.0004348412053182208    9    2    7    2
 0.002078697445366599    9    2    7    3
 0.0007499473836657224    9    2    7    4
 -0.0001453614061106665    9    2    7    5
 -0.00107801681974289    9    2    7    6
 -0.01865009031522274    9    2    7    7
 -0.005660569011191851    9    2    8    1
 -0.0005161359065515427    9    2    8    2
 -0.0009313908641672042    9    2    8    3
 -0.006830679863688486    9    2    8    4
 -0.002970567865162464    9    2    8    5
 -0.01057555187193884    9    2    8    6
 0.0117099653246686    9    2    8    7
 -0.0104606377695035    9    2    8    8
 -0.00222333242432921    9    2    9    1
 0.01544214818654116    9    2    9    2
 0.02469771971674559    9    3    1    1
 -0.002896019479268822    9    3    2    1
 -0.0540004021142169    9    3    2    2
 0.001628942432264617    9    3    3    1
 -0.003943713195909243    9    3    3    2
 -0.01771661737458809    9    3    3    3
 -0.007899152657123461    9    3    4    1
 0.005519339031350441    9    3    4    2
 0.00188167103048338    9    3    4    3
 0.0005136454006497023    9    3    4    4
 -0.005829883434619701    9    3    5    1
 -0.02192772553023504    9    3    5    2
 -0.004944427675239904    9    3    5    3
 0.0004420904805370277    9    3    5    4
 0.02011674090346188    9    3    5    5
 -0.006039414909463733    9    3    6    1
 -0.002576201774574109    9    3    6    2
 -0.0001201150873666448    9    3    6    3
 -0.009576017425612156    9    3    6    4
 -0.01736128121267472    9    3    6    5
 -0.004413853678461611    9    3    6    6
 0.01542677713354879    9    3    7    1
 -0.0005632512027626967    9    3    7    2
 -0.003961750546619823    9    3    7    3
 0.008454325735767935    9    3    7    4
 -0.0005216827524946045    9    3    7    5
 0.008829874988538176    9    3    7    6
 0.00880501955089601    9    3    7    7
 -0.009837295599954794    9    3    8    1
 -0.001153060251425978    9    3    8    2
 0.0004558416100235415    9    3    8    3
 0.01299279936382942    9    3    8    4
 0.007181945747831434    9    3    8    5
 0.02972405340927215    9    3    8    6
 -0.03355475131787712    9    3    8    7
 -0.01291238120571387    9    3    8    8
 0.005950500435569402    9    3    9    1
 -0.00999514726296399    9    3    9    2
 0.04661429203303974    9    3    9    3
 -0.008196215338882852    9    4    1    1
 4.855419431432171e-05    9    4    2    1
 0.006009426036546385    9    4    2    2
 -0.003239159264128053    9    4    3    1
 0.002368608941181275    9    4    3    2
 -0.002090040272264621    9    4    3    3
 0.001925692400472838    9    4    4    1
 -0.001358921783966964    9    4    4    2
 0.002577817991127935    9    4    4    3
 0.01091200021030241    9    4    4    4
 0.00590673931594417    9    4    5    1
 0.000925949969326383    9    4    5    2
 -0.004662299562334    9    4    5    3
 9.567141706734049e-05    9    4    5    4
 -0.001362020465244394    9    4    5    5
 -0.0005654530217668036    9    4    6    1
 -0.0008219051680272917    9    4    6    2
 0.0004268536153718446    9    4    6    3
 -0.0004551232832672985    9    4    6    4
 0.00570257684989601    9    4    6    5
 0.007599934907466275    9    4    6    6
 -0.005998942858701197    9    4    7    1
 -0.001212022495166247    9    4    7    2
 0.002304643592694943    9    4    7    3
 0.002594557991236726    9    4    7    4
 0.001774785646190586    9    4    7    5
 0.005051669285353099    9    4    7    6
 -0.002446207686670467    9    4    7    7
 0.006178378592928384    9    4    8    1
 -0.001019677211478474    9    4    8    2
 0.001519074749402935    9    4    8    3
 -0.000682214346624075    9    4    8    4
 0.001152410879127898    9    4    8    5
 -0.002845826056002623    9    4    8    6
 0.009226556615663248    9    4    8    7
 -0.003261467248008929    9    4    8    8
 -0.003725986064301304    9    4    9    1
 0.001738603798587486    9    4    9    2
 -0.006493880050587411    9    4    9    3
 0.00545459220082511    9    4    9    4
 0.02228374439601643    9    5    1    1
 0.002820923479057243    9    5    2    1
 0.01057178250607546    9    5    2    2
 0.008405303985127075    9    5    3    1
 -0.004517378347853265    9    5    3    2
 0.002456002673717713    9    5    3    3
 0.000356129992995286    9    5    4    1
 0.0004276491734319442    9    5    4    2
 -0.0005534492987512532    9    5    4    3
 0.01059096266898716    9    5    4    4
 -0.01412711868102533    9    5    5    1
 0.003558734869589016    9    5    5    2
 0.01696557918848296    9    5    5    3
 -0.0004333280973329459    9    5    5    4
 -0.01065413137701078    9    5    5    5
 0.006179205496522876    9    5    6    1
 -0.0001496002390264563    9    5    6    2
 -0.008469812878293152    9    5    6    3
 -0.0007096261452186778    9    5    6    4
 0.006893521927492482    9    5    6    5
 -0.0002470386181386824    9    5    6    6
 0.000569648028352074    9    5    7    1
 -6.619328206719684e-05    9    5    7    2
 -0.002975366841715961    9    5    7    3
 -0.003889125704828587    9    5    7    4
 0.0006330667052515066    9    5    7    5
 -0.004406351411267553    9    5    7    6
 0.02277526146969401    9    5    7    7
 0.005038102986307242    9    5    8    1
 0.001259083786768783    9    5    8    2
 0.001327894867714934    9    5    8    3
 0.002567848407613127    9    5    8    4
 0.001382606021850562    9    5    8    5
 0.003997731525908253    9    5    8    6
 -0.005935273678784051    9    5    8    7
 0.01915003535509413    9    5    8    8
 0.007336517898381724    9    5    9    1
 -0.008871696986894982    9    5    9    2
 -0.003563104810188036    9    5    9    3
 -0.002365761825170701    9    5    9    4
 0.02859824105135228    9    5    9    5
 -0.01018740750630296    9    6    1    1
 -0.001459482511944943    9    6    2    1
 -0.01060357841523056    9    6    2    2
 -0.00465096466854015    9    6    3    1
 0.0004893261667743259    9    6    3    2
 -0.003915517104181744    9    6    3    3
 -0.0005823076569421313    9    6    4    1
 0.0005715174491834857    9    6    4    2
 -0.0004885944577655095    9    6    4    3
 -0.005176640628412264    9    6    4    4
 0.005538428999320981    9    6    5    1
 -0.003466260194395222    9    6    5    2
 -0.008804744376587455    9    6    5    3
 0.0005759253175142653    9    6    5    4
 0.005369193631073032    9    6    5    5
 -0.003630304947287975    9    6    6    1
 -1.4113035908096e-05    9    6    6    2
 0.002180404562711769    9    6    6    3
 0.0002361439865491237    9    6    6    4
 -0.004393770436800608    9    6    6    5
 -0.001218705606312554    9    6    6    6
 0.0008516492124421018    9    6    7    1
 -0.0003132121627448831    9    6    7    2
 0.001673959931227581    9    6    7    3
 0.002875467586435304    9    6    7    4
 -0.0002608847439675675    9    6    7    5
 0.003655495983496872    9    6    7    6
 -0.009421627469375414    9    6    7    7
 -0.002751367984414789    9    6    8    1
 -0.001642164150376059    9    6    8    2
 0.00270296714855633    9    6    8    3
 -0.0002327726755690992    9    6    8    4
 0.0007887272253493204    9    6    8    5
 0.001483365191745921    9    6    8    6
 -0.0001453198229519463    9    6    8    7
 -0.01227115110299723    9    6    8    8
 -0.002571025762846241    9    6    9    1
 0.004150472121744002    9    6    9    2
 0.005579662466667589    9    6    9    3
 0.001114725587249036    9    6    9    4
 -0.01182902427513837    9    6    9    5
 0.007978788707655702    9    6    9    6
 -0.001472810126565885    9    7    1    1
 0.0009570418640585742    9    7    2    1
 0.0005711449269537589    9    7    2    2
 0.0006393213434412902    9    7    3    1
 0.001326153838119971    9    7    3    2
 -0.002348953205936288    9    7    3    3
 0.0001341314063688369    9    7    4    1
 0.0004367355627936122    9    7    4    2
 0.002294442177362761    9    7    4    3
 0.00371725531603007    9    7    4    4
 0.002377320830838642    9    7    5    1
 -0.0003764268855023737    9    7    5    2
 -0.003123269779217108    9    7    5    3
 -0.0005465321324135946    9    7    5    4
 0.001183470280151414    9    7    5    5
 -0.0004338367094944601    9    7    6    1
 -0.0006633576735781495    9    7    6    2
 0.001716822539809129    9    7    6    3
 8.096903736945884e-05    9    7    6    4
 0.001468565812865588    9    7    6    5
 0.004499416011369137    9    7    6    6
 -0.001808410609166115    9    7    7    1
 -0.001973537009656714    9    7    7    2
 0.001397043232323631    9    7    7    3
 0.002065906559522933    9    7    7    4
 0.003140974217581552    9    7    7    5
 0.002075202153237476    9    7    7    6
 -0.001611082847838072    9    7    7    7
 4.144907734960528e-06    9    7    8    1
 0.001551718566424786    9    7    8    2
 -0.003051842278209777    9    7    8    3
 0.001227390695272209    9    7    8    4
 -1.977395335183189e-05    9    7    8    5
 -0.0001406320233875776    9    7    8    6
 0.003267810848004582    9    7    8    7
 -0.001276456452273027    9    7    8    8
 -0.002682006694108053    9    7    9    1
 0.001405422120006138    9    7    9    2
 -0.0008609092727449917    9    7    9    3
 -0.0008570107456059324    9    7    9    4
 -0.003286548254449909    9    7    9    5
 -0.0009533779435395463    9    7    9    6
 0.006989088641270722    9    7    9    7
 -0.009191958682634276    9    8    1    1
 -0.000475439328216709    9    8    2    1
 0.006220007651680875    9    8    2    2
 -0.002197326218435368    9    8    3    1
 0.0004425853409097095    9    8    3    2
 0.002058826341145299    9    8    3    3
 0.0005657759638149145    9    8    4    1
 -0.001267607549518622    9    8    4    2
 0.001277302414575231    9    8    4    3
 -0.0006218525094821329    9    8    4    4
 0.002826132060557299    9    8    5    1
 0.002682448133256766    9    8    5    2
 0.0007582338024225524    9    8    5    3
 0.0001330985861830899    9    8    5    4
 -0.001363080242479599    9    8    5    5
 0.0002119200807903796    9    8    6    1
 -0.0008412927882495404    9    8    6    2
 0.003296349809956365    9    8    6    3
 0.001227913464388678    9    8    6    4
 0.002617918163319648    9    8    6    5
 0.001813402089142045    9    8    6    6
 -0.002238610202131612    9    8    7    1
 2.231216665564721e-05    9    8    7    2
 -0.00308216478512212    9    8    7    3
 0.000752589505073061    9    8    7    4
 -0.0002798611032912036    9    8    7    5
 -0.001012381788454683    9    8    7    6
 -0.002225697319088219    9    8    7    7
 0.0001114189128399888    9    8    8    1
 -0.001163345592097695    9    8    8    2
 -0.001963285589662527    9    8    8    3
 -0.003062124302513875    9    8    8    4
 0.0003505600453013901    9    8    8    5
 -0.005222747436644705    9    8    8    6
 0.004364656348121275    9    8    8    7
 0.0008379318117745058    9    8    8    8
 0.0003110406753104686    9    8    9    1
 0.002401927540012046    9    8    9    2
 -0.004728400011631346    9    8    9    3
 0.001079622702561851    9    8    9    4
 -0.001837050574158406    9    8    9    5
 -0.0007508989563451921    9    8    9    6
 -0.0001524465404644957    9    8    9    7
 0.008562343984439105    9    8    9    8
 0.279806026260581    9    9    1    1
 -0.0006804115784514193    9    9    2    1
 0.2724941716000673    9    9    2    2
 0.004493643214269955    9    9    3    1
 0.008218210039611679    9    9    3    2
 0.238729631907211    9    9    3    3
 0.006772367048920751    9    9    4    1
 -0.002357541742810665    9    9    4    2
 -0.0007375087034633891    9    9    4    3
 0.2145416501534721    9    9    4    4
 0.0006894947926991447    9    9    5    1
 0.002970533705326216    9    9    5    2
 -0.009227108209364725    9    9    5    3
 -0.001378838524384227    9    9    5    4
 0.2455740685230914    9    9    5    5
 0.008035609769025953    9    9    6    1
 0.0164102437187882    9    9    6    2
 0.009473061261771908    9    9    6    3
 0.004874163974615254    9    9    6    4
 -0.02353863616285247    9    9    6    5
 0.2024944857024293    9    9    6    6
 -0.02008595900787348    9    9    7    1
 0.004658833570373874    9    9    7    2
 -0.002075477091402329    9    9    7    3
 -0.02620878119261023    9    9    7    4
 -0.01083859399664931    9    9    7    5
 -0.02350887133661727    9    9    7    6
 0.2552317271288257    9    9    7    7
 0.02660620424919099    9    9    8    1
 0.007347051621255178    9    9    8    2
 0.001483787148490868    9    9    8    3
 0.002225725086294227    9    9    8    4
 -0.003146615785010019    9    9    8    5
 -0.01142400474402834    9    9    8    6
 -0.003685822926830437    9    9    8    7
 0.2683348950455647    9    9    8    8
 -0.007157948446848413    9    9    9    1
 -0.01256900920068621    9    9    9    2
 -0.006807836663842163    9    9    9    3
 -0.001925568393091884    9    9    9    4
 0.01429563955480466    9    9    9    5
 -0.008365158592614927    9    9    9    6
 -0.001739144702071056    9    9    9    7
 -0.001059111290335181    9    9    9    8
 0.2877694592282658    9    9    9    9
 0.009953987605115733   10    1    1    1
 0.001502757790642417   10    1    2    1
 0.0009462583932726553   10    1    2    2
 0.001024700957842652   10    1    3    1
 -0.0001929509663711579   10    1    3    2
 0.002347307932723228   10    1    3    3
 -0.002462802464376667   10    1    4    1
 0.0008253265912447842   10    1    4    2
 -0.0003319918985715725   10    1    4    3
 -0.0006003578561591116   10    1    4    4
 -0.001168776127547075   10    1    5    1
 -0.0005412886714481088   10    1    5    2
 0.0005728979751464631   10    1    5    3
 0.0001986126472749553   10    1    5    4
 0.004555912534974777   10    1    5    5
 0.001252815784176596   10    1    6    1
 0.001082508788549812   10    1    6    2
 0.0002058655509475297   10    1    6    3
 -0.0003631095428730325   10    1    6    4
 -0.003352716546169042   10    1    6    5
 -0.0009198061252286706   10    1    6    6
 0.001378055229199046   10    1    7    1
 -0.001102626749609392   10    1    7    2
 -0.0009152573205131575   10    1    7    3
 -0.0009487132363791974   10    1    7    4
 -0.001541716324529614   10    1    7    5
 -0.003354254087451935   10    1    7    6
 0.006716237926129298   10    1    7    7
 -0.0009806952240858677   10    1    8    1
 0.001043018796349322   10    1    8    2
 -0.0002986469505478987   10    1    8    3
 0.0002416368624447683   10    1    8    4
 0.001619927734177364   10    1    8    5
 0.00186475865615333   10    1    8    6
 -0.006085317359946218   10    1    8    7
 0.006790135235088396   10    1    8    8
 0.00248131693693733   10    1    9    1
 -0.002104098152978586   10    1    9    2
 0.003443096344627661   10    1    9    3
 -0.0004618926114527264   10    1    9    4
 0.001061106036733585   10    1    9    5
 -0.0002690625149164347   10    1    9    6
 0.0003515045149939434   10    1    9    7
 0.001411332891204658   10    1    9    8
 0.004471328048564697   10    1    9    9
 0.008519913315228715   10    1   10    1
 0.02229495519685886   10    2    1    1
 0.0005223591885060038   10    2    2    1
 -0.006631908623016172   10    2    2    2
 0.00125012474977781   10    2    3    1
 0.0008864587063548867   10    2    3    2
 -0.006175901257875626   10    2    3    3
 0.0007905242600642539   10    2    4    1
 0.0006424933426016064   10    2    4    2
 0.004176113890858831   10    2    4    3
 0.01555061007120156   10    2    4    4
 -0.000307894136027383   10    2    5    1
 -0.008144913340203648   10    2    5    2
 -0.005455108702841114   10    2    5    3
 -0.0007275871336407688   10    2    5    4
 0.009046892281419389   10    2    5    5
 0.0003344485102641367   10    2    6    1
 9.897871420790159e-05   10    2    6    2
 0.0009842057420880756   10    2    6    3
 -0.005391577359418153   10    2    6    4
 -0.00280893768596304   10    2    6    5
 0.005391324977878571   10    2    6    6
 -0.003924002226092099   10    2    7    1
 -0.001394831661267652   10    2    7    2
 -0.001080800992543183   10    2    7    3
 0.0004509002309615838   10    2    7    4
 0.001661984517503042   10    2    7    5
 0.004456870084971533   10    2    7    6
 0.01568219406137688   10    2    7    7
 0.01161683854421194   10    2    8    1
 0.002266425390056329   10    2    8    2
 0.001592460822441694   10    2    8    3
 0.006816417727542734   10    2    8    4
 0.004945287830327588   10    2    8    5
 0.009991096973456919   10    2    8    6
 -0.00543869049484357   10    2    8    7
 0.00639157060740159   10    2    8    8
 -0.002501780031562848   10    2    9    1
 -0.007501111552024764   10    2    9    2
 0.009183506061765392   10    2    9    3
 0.0002295480702103809   10    2    9    4
 0.005250049044172757   10    2    9    5
 -0.001945194093243452   10    2    9    6
 0.0002948361649769125   10    2    9    7
 -0.001697127594500456   10    2    9    8
 0.0113779358091703   10    2    9    9
 0.001841345551246685   10    2   10    1
 0.01325981146661827   10    2   10    2
 -0.001075449114618523   10    3    1    1
 0.0001709106894992915   10    3    2    1
 -0.006610594317885169   10    3    2    2
 -0.0003148019261640865   10    3    3    1
 -0.001829467350151967   10    3    3    2
 -0.004525557365493492   10    3    3    3
 -0.001210062028856165   10    3    4    1
 0.0007756853855819249   10    3    4    2
 0.001533201224780193   10    3    4    3
 0.005586781432981504   10    3    4    4
 -2.172134202333277e-05   10    3    5    1
 -0.002600783904614045   10    3    5    2
 -0.002249562255930815   10    3    5    3
 0.0005055211430563964   10    3    5    4
 0.0001047933920872473   10    3    5    5
 -0.0006541304199514069   10    3    6    1
 -0.001887237098173815   10    3    6    2
 -0.0005919735592065116   10    3    6    3
 -0.002232639381752687   10    3    6    4
 0.001830119519826645   10    3    6    5
 0.004735835412089004   10    3    6    6
 0.001514073018126802   10    3    7    1
 -0.001361435857799653   10    3    7    2
 0.0004384231847378583   10    3    7    3
 0.003931551352306568   10    3    7    4
 0.002121350774249689   10    3    7    5
 0.004361381810282665   10    3    7    6
 -0.0004022564329758055   10    3    7    7
 -0.0009129934439534483   10    3    8    1
 -0.0002949587356235019   10    3    8    2
 0.0001921027706194492   10    3    8    3
 0.001429569530423224   10    3    8    4
 0.001777996970130199   10    3    8    5
 0.004294681290301819   10    3    8    6
 -0.001480614549216968   10    3    8    7
 -0.003710851858174959   10    3    8    8
 0.0001057547559072098   10    3    9    1
 0.0004485439481018982   10    3    9    2
 0.00288646925346163   10    3    9    3
 0.0008470371583334298   10    3    9    4
 -0.001033269989115785   10    3    9    5
 0.001014186630819069   10    3    9    6
 0.0006235215855575248   10    3    9    7
 -0.0003456377590660133   10    3    9    8
 -0.003526229588594739   10    3    9    9
 0.0009479904970414929   10    3   10    1
 0.001330230916599325   10    3   10    2
 0.004515157886539682   10    3   10    3
 -0.03304241409087751   10    4    1    1
 -0.0001108231748607595   10    4    2    1
 -0.02267719902475993   10    4    2    2
 -0.002777982636260881   10    4    3    1
 -0.001613066316563801   10    4    3    2
 -0.01194769525334966   10    4    3    3
 -0.004051849435237115   10    4    4    1
 0.001861030049289907   10    4    4    2
 0.003781357734424832   10    4    4    3
 0.01630691229144701   10    4    4    4
 0.001491072866423444   10    4    5    1
 -0.002839120519792808   10    4    5    2
 0.001567730604673302   10    4    5    3
 0.0002917885790694489   10    4    5    4
 -0.01142290157765475   10    4    5    5
 -0.003496173429861715   10    4    6    1
 -0.009717903200086997   10    4    6    2
 -0.003747510112629183   10    4    6    3
 -0.005056607178163973   10    4    6    4
 0.01560794291576302   10    4    6    5
 0.01750139183501951   10    4    6    6
 0.006076257499268376   10    4    7    1
 -0.00403651343003108   10    4    7    2
 0.001595503724058287   10    4    7    3
 0.0179666407636902   10    4    7    4
 0.007611958385708953   10    4    7    5
 0.01691034133637325   10    4    7    6
 -0.0154283507019262   10    4    7    7
 -0.01272875206776552   10    4    8    1
 -0.00336407100029464   10    4    8    2
 -0.001345810555336758   10    4    8    3
 -0.0006836571917223644   10    4    8    4
 0.002891119701456178   10    4    8    5
 0.007419259212625251   10    4    8    6
 0.004437966885570181   10    4    8    7
 -0.0256646009551539   10    4    8    8
 0.001947746360577215   10    4    9    1
 0.004632770200860087   10    4    9    2
 0.002062404806328197   10    4    9    3
 0.002631546299219718   10    4    9    4
 -0.006330607547737338   10    4    9    5
 0.003018368908117462   10    4    9    6
 0.001594774877151091   10    4    9    7
 0.001852473390083966   10    4    9    8
 -0.02758670354013737   10    4    9    9
 -0.00109856381996206   10    4   10    1
 -0.005122409153982366   10    4   10    2
 0.003090219154295648   10    4   10    3
 0.02195033409100971   10    4   10    4
 0.01814188059586044   10    5    1    1
 3.61604960694979e-05   10    5    2    1
 0.004093124624150953   10    5    2    2
 0.0005885810755477784   10    5    3    1
 0.002110456869199417   10    5    3    2
 -0.0004162097170963559   10    5    3    3
 0.002338587268539927   10    5    4    1
 -1.388793522620721e-05   10    5    4    2
 0.002663734878611667   10    5    4    3
 0.008542624379336245   10    5    4    4
 0.001004667814442559   10    5    5    1
 -0.00362497608341781   10    5    5    2
 -0.004664136674390472   10    5    5    3
 -0.0008280778002673756   10    5    5    4
 0.008941684966066827   10    5    5    5
 0.0003823881171430165   10    5    6    1
 0.002174007323948294   10    5    6    2
 0.002171863610609891   10    5    6    3
 8.971105648935109e-06   10    5    6    4
 -0.005270260650001538   10    5    6    5
 -0.0009112499802330601   10    5    6    6
 -0.006506328238054686   10    5    7    1
 0.0001425868311470523   10    5    7    2
 -0.0002035929983528874   10    5    7    3
 -0.003715602748187999   10    5    7    4
 -0.0005979709273997427   10    5    7    5
 -0.001223543503632621   10    5    7    6
 0.01519834545735578   10    5    7    7
 0.009980491365697744   10    5    8    1
 0.0021704960199608   10    5    8    2
 0.001327439090958454   10    5    8    3
 0.003685589722229738   10    5    8    4
 0.001501386139566855   10    5    8    5
 0.002758108579525675   10    5    8    6
 -0.001715281040342942   10    5    8    7
 0.009145516941141556   10    5    8    8
 -0.002207712872084668   10    5    9    1
 -0.00402075096600647   10    5    9    2
 0.002050152091400754   10    5    9    3
 -0.0008950741290477504   10    5    9    4
 0.005618488240695575   10    5    9    5
 -0.001431279473941726   10    5    9    6
 -0.0004860654549933402   10    5    9    7
 -0.001139134264422578   10    5    9    8
 0.0148487205863418   10    5    9    9
 0.0009243839685799658   10    5   10    1
 0.005106737318552221   10    5   10    2
 -0.0002330427604851381   10    5   10    3
 -0.007371172002985236   10    5   10    4
 0.008549773178874587   10    5   10    5
 0.01203493189924272   10    6    1    1
 0.0001523597075472796   10    6    2    1
 0.002318367771697643   10    6    2    2
 0.001135947871124567   10    6    3    1
 3.83046813304908e-05   10    6    3    2
 0.001172097041271424   10    6    3    3
 0.000449379581494821   10    6    4    1
 -0.001397594199606587   10    6    4    2
 -0.001242675336560473   10    6    4    3
 -0.008198433239046439   10    6    4    4
 -0.000614969153795614   10    6    5    1
 -0.0008929843414599008   10    6    5    2
 -0.001174239951219514   10    6    5    3
 0.0008458435324066254   10    6    5    4
 0.002455472299530579   10    6    5    5
 0.0002930785172799942   10    6    6    1
 0.00367639327214461   10    6    6    2
 0.002496856061317425   10    6    6    3
 0.003242706218153178   10    6    6    4
 -0.009365836244131457   10    6    6    5
 -0.01285451438089896   10    6    6    6
 -0.002351534504818317   10    6    7    1
 0.001131513180231715   10    6    7    2
 -0.0007758363509357115   10    6    7    3
 -0.004375307368549667   10    6    7    4
 -0.002753348451178775   10    6    7    5
 -0.005689594269637461   10    6    7    6
 0.004258647972096398   10    6    7    7
 0.005798778793514103   10    6    8    1
 0.002148671744032818   10    6    8    2
 0.0009005764035125973   10    6    8    3
 0.002036413676353334   10    6    8    4
 0.0002823136588054858   10    6    8    5
 -0.0004434397388743623   10    6    8    6
 -0.003833957695196455   10    6    8    7
 0.004803219422620844   10    6    8    8
 -0.0002475129055340437   10    6    9    1
 -0.002857599854674622   10    6    9    2
 0.002413652764707261   10    6    9    3
 -0.0006021051237693619   10    6    9    4
 0.002302886282721092   10    6    9    5
 -0.0007502892642098114   10    6    9    6
 -0.0003744200364086481   10    6    9    7
 -0.0002238872974615086   10    6    9    8
 0.008228388361067707   10    6    9    9
 0.001699688981639588   10    6   10    1
 0.003587409318303005   10    6   10    2
 -0.0007671461425879125   10    6   10    3
 -0.006824007654071798   10    6   10    4
 0.003200894960462067   10    6   10    5
 0.006263931056523567   10    6   10    6
 -0.007147277450643588   10    7    1    1
 -0.001030328313832968   10    7    2    1
 -0.007390274881222152   10    7    2    2
 -9.472395292861417e-05   10    7    3    1
 -0.001871429974840291   10    7    3    2
 -0.001507012348119225   10    7    3    3
 -0.001670488331978118   10    7    4    1
 -0.0004822321020544002   10    7    4    2
 -0.0005564271145948431   10    7    4    3
 0.002689278884964753   10    7    4    4
 -0.002800204168290316   10    7    5    1
 0.0001308661293361972   10    7    5    2
 0.003101997485021806   10    7    5    3
 0.001377936085100526   10    7    5    4
 -0.003709628137313003   10    7    5    5
 -0.001647978379515729   10    7    6    1
 -0.002108581161193622   10    7    6    2
 -0.001664411173521408   10    7    6    3
 0.0002885023328123551   10    7    6    4
 0.003078536947365888   10    7    6    5
 0.002050791558958903   10    7    6    6
 0.00600388496649503   10    7    7    1
 0.0009275499487149813   10    7    7    2
 0.0006682145822623572   10    7    7    3
 0.004262711699985006   10    7    7    4
 0.001340822502225718   10    7    7    5
 0.004173325610598837   10    7    7    6
 -0.005556903347826783   10    7    7    7
 -0.007654001433023408   10    7    8    1
 -0.00188696181916455   10    7    8    2
 -0.0007160077847078001   10    7    8    3
 -0.0004954354821099459   10    7    8    4
 -0.0005504032664242356   10    7    8    5
 0.00164136794001331   10    7    8    6
 -0.001227144711900576   10    7    8    7
 -0.005252231689756556   10    7    8    8
 0.001466471613127946   10    7    9    1
 0.001384496133492739   10    7    9    2
 0.001417131149701145   10    7    9    3
 -8.7278181379592e-05   10    7    9    4
 -0.001792979960738043   10    7    9    5
 0.001174241243577523   10    7    9    6
 -4.710539984635349e-05   10    7    9    7
 -0.001105873819355535   10    7    9    8
 -0.008388546362496889   10    7    9    9
 -0.00357508958582742   10    7   10    1
 -0.00231701082942358   10    7   10    2
 0.0003722267290312818   10    7   10    3
 0.004140695356482117   10    7   10    4
 -0.002782684005158311   10    7   10    5
 -0.002643675383042664   10    7   10    6
 0.008204627821291931   10    7   10    7
 -0.008349772595763508   10    8    1    1
 0.001202854457119894   10    8    2    1
 0.006895405544952844   10    8    2    2
 -0.001052690167633508   10    8    3    1
 0.0007001421700270809   10    8    3    2
 0.001722257450464807   10    8    3    3
 -0.0001485618890508479   10    8    4    1
 -0.0003176754778566481   10    8    4    2
 -0.0003410834736886722   10    8    4    3
 -0.002239667656611711   10    8    4    4
 0.003121268085363353   10    8    5    1
 0.003451855618832942   10    8    5    2
 3.398011923812303e-05   10    8    5    3
 0.0003011431700622612   10    8    5    4
 -0.002441434125363471   10    8    5    5
 0.000642416623763462   10    8    6    1
 0.001300950091786315   10    8    6    2
 0.0009152629136513271   10    8    6    3
 0.002470124761549747   10    8    6    4
 0.002144666141928652   10    8    6    5
 0.0001726951250021594   10    8    6    6
 -0.002902618800973101   10    8    7    1
 -0.001069748947892252   10    8    7    2
 0.0002225737712896475   10    8    7    3
 -7.439489873022282e-06   10    8    7    4
 3.343387306326483e-05   10    8    7    5
 -0.001232257250150515   10    8    7    6
 -0.004467604626378383   10    8    7    7
 0.0007541415983416989   10    8    8    1
 -0.000360554310926361   10    8    8    2
 -0.0003730447682022581   10    8    8    3
 -0.003570783500419286   10    8    8    4
 -0.0009661386237803456   10    8    8    5
 -0.00516280457774594   10    8    8    6
 0.005675696370546626   10    8    8    7
 -0.0007817119161951692   10    8    8    8
 -0.0004306310334603988   10    8    9    1
 0.002107069535460454   10    8    9    2
 -0.004909850379220934   10    8    9    3
 0.001377838149381133   10    8    9    4
 -0.001201435376508294   10    8    9    5
 0.000157323448803913   10    8    9    6
 0.0004236128087517907   10    8    9    7
 0.00253072650947504   10    8    9    8
 -0.0009806503207263179   10    8    9    9
 0.002840237563077563   10    8   10    1
 -0.001461555270132012   10    8   10    2
 0.0001913354864099828   10    8   10    3
 0.001961310096642154   10    8   10    4
 -0.0008931028931472176   10    8   10    5
 -0.0004315313605340031   10    8   10    6
 -0.0001312523244851398   10    8   10    7
 0.005305203416628748   10    8   10    8
 0.01828834449349124   10    9    1    1
 -0.0004351266220259822   10    9    2    1
 0.0108963092376315   10    9    2    2
 -0.000216671355021838   10    9    3    1
 0.005189006772822103   10    9    3    2
 0.00366264005326785   10    9    3    3
 0.001966414965849424   10    9    4    1
 0.0003623073855287397   10    9    4    2
 0.003840703726587978   10    9    4    3
 0.01882001930677464   10    9    4    4
 0.001010562305866867   10    9    5    1
 -0.002075162981097195   10    9    5    2
 -0.005261797902676842   10    9    5    3
 -0.001098719228171272   10    9    5    4
 0.01607255571974329   10    9    5    5
 0.0008322013458984445   10    9    6    1
 0.0003352949077688124   10    9    6    2
 0.002533726134904626   10    9    6    3
 -0.001206370635338384   10    9    6    4
 -0.001043387305787104   10    9    6    5
 0.0123595659836186   10    9    6    6
 -0.005195085857857292   10    9    7    1
 -0.0004818432715851403   10    9    7    2
 5.409439262478216e-05   10    9    7    3
 -0.001668361886243288   10    9    7    4
 0.0006259562268100906   10    9    7    5
 0.001452103902398931   10    9    7    6
 0.01991421903558714   10    9    7    7
 0.005947867309438402   10    9    8    1
 0.0009199064295111012   10    9    8    2
 0.0001747139657569164   10    9    8    3
 0.002420248264812974   10    9    8    4
 0.001142034753372673   10    9    8    5
 0.002017324233482519   10    9    8    6
 0.000561255560555694   10    9    8    7
 0.01452890676944523   10    9    8    8
 -0.00262897566772443   10    9    9    1
 -0.003376954684073293   10    9    9    2
 0.001655361273398206   10    9    9    3
 -0.001310617411314628   10    9    9    4
 0.003013210620531512   10    9    9    5
 -0.0006035060726185528   10    9    9    6
 8.071740161555928e-05   10    9    9    7
 -0.0002230688739081315   10    9    9    8
 0.01680185403812486   10    9    9    9
 0.001017336429699011   10    9   10    1
 0.002928425490859631   10    9   10    2
 -0.0006981323316535251   10    9   10    3
 -0.00345094909166148   10    9   10    4
 0.007091975971791047   10    9   10    5
 -0.0001330617001085855   10    9   10    6
 -0.00217568809557325   10    9   10    7
 -0.0008821480269734462   10    9   10    8
 0.0123954543308612   10    9   10    9
 0.2801157510556983   10   10    1    1
 0.002509912926024732   10   10    2    1
 0.2527705127496179   10   10    2    2
 0.007353980379211915   10   10    3    1
 0.008583267829856637   10   10    3    2
 0.20744523176313   10   10    3    3
 0.01048714903369134   10   10    4    1
 -0.002658560556775751   10   10    4    2
 0.009187655156617687   10   10    4    3
 0.2390961438551094   10   10    4    4
 0.0008609113312160223   10   10    5    1
 -0.0003199109653940764   10   10    5    2
 -0.009482257614547941   10   10    5    3
 -0.005267837843331593   10   10    5    4
 0.2212970735521276   10   10    5    5
 0.01016875067503761   10   10    6    1
 0.011854346245969   10   10    6    2
 0.004942172407969616   10   10    6    3
 -0.002910288536259312   10   10    6    4
 -0.007781768721056705   10   10    6    5
 0.2025158298509765   10   10    6    6
 -0.03216953706193074   10   10    7    1
 0.0001793798377005273   10   10    7    2
 -0.002278375651531045   10   10    7    3
 -0.02130351577689717   10   10    7    4
 -0.004393383483037198   10   10    7    5
 -0.01259527290773154   10   10    7    6
 0.2621581377988104   10   10    7    7
 0.05046236536584374   10   10    8    1
 0.007483939383148386   10   10    8    2
 0.005135307886186886   10   10    8    3
 0.0104591191349151   10   10    8    4
 0.004210045578486091   10   10    8    5
 -0.002198030513621965   10   10    8    6
 0.004020463649485037   10   10    8    7
 0.2572006331938053   10   10    8    8
 -0.007522853266896452   10   10    9    1
 -0.01705462224133988   10   10    9    2
 -0.007744111914568988   10   10    9    3
 0.0006332376446642959   10   10    9    4
 0.02928955142273811   10   10    9    5
 -0.01373402956864199   10   10    9    6
 -0.002602332190349013   10   10    9    7
 -0.00246511075897848   10   10    9    8
 0.2665664344920491   10   10    9    9
 0.003936738755741277   10   10   10    1
 0.02373705943356391   10   10   10    2
 -0.00500253328535278   10   10   10    3
 -0.03527211107498565   10   10   10    4
 0.02273864859188362   10   10   10    5
 0.01364381296403443   10   10   10    6
 -0.01380576681295958   10   10   10    7
 -0.002744525129289785   10   10   10    8
 0.01644390921132692   10   10   10    9
 0.3163600335568073   10   10   10   10
 -2.191803289819746    1    1  0  0
 0.008661561944146145    2    1  0  0
 -2.248279584649393    2    2  0  0
 0.03021770416092965    3    1  0  0
 -0.1277660629810926    3    2  0  0
 -1.797689063315058    3    3  0  0
 -0.01646689194511639    4    1  0  0
 0.02549021272014838    4    2  0  0
 -0.1246427031175846    4    3  0  0
 -2.445841886110907    4    4  0  0
 -0.02219570968501813    5    1  0  0
 -0.03274786840187055    5    2  0  0
 0.1621551785185104    5    3  0  0
 -0.02125697383696522    5    4  0  0
 -2.102597344828281    5    5  0  0
 -0.05141184770088224    6    1  0  0
 0.04415152946720475    6    2  0  0
 -0.05864158188158067    6    3  0  0
 0.06753554067628771    6    4  0  0
 -0.1081251654171863    6    5  0  0
 -2.281062968688364    6    6  0  0
 0.09999904471687616    7    1  0  0
 0.01851103139261074    7    2  0  0
 -0.02296891378105714    7    3  0  0
 -0.06890643903890545    7    4  0  0
 -0.06674246517412738    7    5  0  0
 -0.1053318684538892    7    6  0  0
 -2.152085489652296    7    7  0  0
 -0.07647850690208706    8    1  0  0
 -0.008378592185667973    8    2  0  0
 0.003693065741363436    8    3  0  0
 -0.01773253588605155    8    4  0  0
 -0.02126322933516429    8    5  0  0
 -0.01623256333410665    8    6  0  0
 -0.07307684585890609    8    7  0  0
 -2.144963371277032    8    8  0  0
 0.08668396505074957    9    1  0  0
 0.07003378590887502    9    2  0  0
 -0.02893724765761704    9    3  0  0
 -0.03246577988078821    9    4  0  0
 0.05768196900088354    9    5  0  0
 -0.01530363094492624    9    6  0  0
 -0.02584541468681829    9    7  0  0
 -0.03345684669718368    9    8  0  0
 -1.895549691046212    9    9  0  0
 -0.05424394700711585   10    1  0  0
 -0.07754498375567488   10    2  0  0
 -0.05290059519950585   10    3  0  0
 0.02951910173482453   10    4  0  0
 -0.0652229721264599   10    5  0  0
 0.02836647288238908   10    6  0  0
 0.01316061005334312   10    7  0  0
 0.0107549383838233   10    8  0  0
 -0.228550008075162   10    9  0  0
 -1.500170858791373   10   10  0  0
 -7454.306207587949  0  0  0  0
